
Round: 0
00000000
00000000
00000000
00000000
00000000
00000000
00000000
00000000

Valid moves for 1:
3, 3
3, 4
4, 3
4, 4

Player 1: 4, 4

After move by Player 1
00000000
00000000
00000000
00001000
00000000
00000000
00000000
00000000


Round: 1
00000000
00000000
00000000
00001000
00000000
00000000
00000000
00000000

Valid moves for 2:
3, 3
3, 4
4, 3

Player 2: 3, 4

After move by Player 2
00000000
00000000
00000000
00001000
00002000
00000000
00000000
00000000


Round: 2
00000000
00000000
00000000
00001000
00002000
00000000
00000000
00000000

Valid moves for 1:
3, 3
4, 3

Player 1: 4, 3

After move by Player 1
00000000
00000000
00000000
00011000
00002000
00000000
00000000
00000000


Round: 3
00000000
00000000
00000000
00011000
00002000
00000000
00000000
00000000

Valid moves for 2:
3, 3

Player 2: 3, 3

After move by Player 2
00000000
00000000
00000000
00011000
00022000
00000000
00000000
00000000


Round: 4
00000000
00000000
00000000
00011000
00022000
00000000
00000000
00000000

Valid moves for 1:
2, 2
2, 3
2, 4
2, 5

Player 1: 2, 5

After move by Player 1
00000000
00000000
00000000
00011000
00021000
00000100
00000000
00000000


Round: 5
00000000
00000000
00000000
00011000
00021000
00000100
00000000
00000000

Valid moves for 2:
3, 5
5, 3
5, 5

Player 2: 5, 3

After move by Player 2
00000000
00000000
00020000
00021000
00021000
00000100
00000000
00000000


Round: 6
00000000
00000000
00020000
00021000
00021000
00000100
00000000
00000000

Valid moves for 1:
2, 2
3, 2
4, 2
5, 2
6, 2

Player 1: 5, 2

After move by Player 1
00000000
00000000
00120000
00011000
00021000
00000100
00000000
00000000


Round: 7
00000000
00000000
00120000
00011000
00021000
00000100
00000000
00000000

Valid moves for 2:
3, 5
5, 1
5, 5

Player 2: 3, 5

After move by Player 2
00000000
00000000
00120000
00012000
00022200
00000100
00000000
00000000


Round: 8
00000000
00000000
00120000
00012000
00022200
00000100
00000000
00000000

Valid moves for 1:
2, 3
4, 5
5, 4
6, 3

Player 1: 4, 5

After move by Player 1
00000000
00000000
00120000
00011100
00022100
00000100
00000000
00000000


Round: 9
00000000
00000000
00120000
00011100
00022100
00000100
00000000
00000000

Valid moves for 2:
1, 6
2, 6
3, 6
5, 1
5, 4
5, 5
5, 6
6, 1

Player 2: 5, 6

After move by Player 2
00000000
00000000
00120020
00011200
00022100
00000100
00000000
00000000


Round: 10
00000000
00000000
00120020
00011200
00022100
00000100
00000000
00000000

Valid moves for 1:
2, 2
2, 3
2, 4
3, 2
4, 6
5, 4
5, 5
6, 2
6, 3

Player 1: 5, 5

After move by Player 1
00000000
00000000
00120120
00011100
00022100
00000100
00000000
00000000


Round: 11
00000000
00000000
00120120
00011100
00022100
00000100
00000000
00000000

Valid moves for 2:
1, 6
2, 6
3, 6
5, 1
5, 4
6, 1
6, 6

Player 2: 2, 6

After move by Player 2
00000000
00000000
00120120
00012100
00022200
00000120
00000000
00000000


Round: 12
00000000
00000000
00120120
00012100
00022200
00000120
00000000
00000000

Valid moves for 1:
2, 2
2, 3
2, 7
5, 4
5, 7
6, 3
6, 7

Player 1: 2, 7

After move by Player 1
00000000
00000000
00120120
00012100
00022200
00000111
00000000
00000000


Round: 13
00000000
00000000
00120120
00012100
00022200
00000111
00000000
00000000

Valid moves for 2:
1, 5
1, 6
1, 7
4, 2
4, 6
5, 1
5, 4
6, 1
6, 5
6, 6

Player 2: 4, 2

After move by Player 2
00000000
00000000
00120120
00222100
00022200
00000111
00000000
00000000


Round: 14
00000000
00000000
00120120
00222100
00022200
00000111
00000000
00000000

Valid moves for 1:
2, 2
2, 3
3, 2
4, 1
5, 4
5, 7
6, 2
6, 7

Player 1: 5, 7

After move by Player 1
00000000
00000000
00120111
00222100
00022200
00000111
00000000
00000000


Round: 15
00000000
00000000
00120111
00222100
00022200
00000111
00000000
00000000

Valid moves for 2:
1, 5
1, 6
1, 7
4, 6
5, 1
6, 1
6, 2
6, 5
6, 6
6, 7

Player 2: 6, 2

After move by Player 2
00000000
00200000
00220111
00222100
00022200
00000111
00000000
00000000


Round: 16
00000000
00200000
00220111
00222100
00022200
00000111
00000000
00000000

Valid moves for 1:
2, 2
2, 3
4, 1
6, 1
7, 1

Player 1: 2, 2

After move by Player 1
00000000
00200000
00220111
00221100
00012200
00100111
00000000
00000000


Round: 17
00000000
00200000
00220111
00221100
00012200
00100111
00000000
00000000

Valid moves for 2:
1, 5
1, 6
1, 7
2, 3
2, 4
3, 2
4, 6
5, 4
6, 5
6, 7

Player 2: 3, 2

After move by Player 2
00000000
00200000
00220111
00221100
00222200
00100111
00000000
00000000


Round: 18
00000000
00200000
00220111
00221100
00222200
00100111
00000000
00000000

Valid moves for 1:
2, 3
2, 4
4, 1
6, 1
7, 1
7, 2

Player 1: 7, 2

After move by Player 1
00100000
00100000
00120111
00121100
00122200
00100111
00000000
00000000


Round: 19
00100000
00100000
00120111
00121100
00122200
00100111
00000000
00000000

Valid moves for 2:
1, 1
1, 5
1, 6
1, 7
2, 1
3, 1
4, 1
4, 6
5, 1
5, 4
6, 1
6, 5
6, 6
6, 7
7, 1

Player 2: 3, 1

After move by Player 2
00100000
00100000
00120111
00221100
02222200
00100111
00000000
00000000


Round: 20
00100000
00100000
00120111
00221100
02222200
00100111
00000000
00000000

Valid moves for 1:
2, 3
2, 4
4, 0
4, 1
5, 4

Player 1: 4, 0

After move by Player 1
00100000
00100000
00120111
10221100
01222200
00100111
00000000
00000000


Round: 21
00100000
00100000
00120111
10221100
01222200
00100111
00000000
00000000

Valid moves for 2:
1, 1
1, 2
1, 5
1, 6
1, 7
2, 0
3, 0
4, 6
5, 1
5, 4
6, 1
6, 5
6, 6
6, 7
7, 1

Player 2: 2, 0

After move by Player 2
00100000
00100000
00120111
10221100
02222200
20100111
00000000
00000000


Round: 22
00100000
00100000
00120111
10221100
02222200
20100111
00000000
00000000

Valid moves for 1:
2, 3
2, 4
4, 1
5, 4

Player 1: 2, 4

After move by Player 1
00100000
00100000
00120111
10221100
02221200
20101111
00000000
00000000


Round: 23
00100000
00100000
00120111
10221100
02221200
20101111
00000000
00000000

Valid moves for 2:
1, 1
1, 2
1, 3
1, 5
1, 6
1, 7
4, 6
5, 1
6, 1
6, 5
6, 6
7, 1

Player 2: 5, 1

After move by Player 2
00100000
00100000
02220111
10221100
02221200
20101111
00000000
00000000


Round: 24
00100000
00100000
02220111
10221100
02221200
20101111
00000000
00000000

Valid moves for 1:
3, 0
3, 6
4, 1
4, 6
6, 0
6, 1

Player 1: 6, 1

After move by Player 1
00100000
01100000
02120111
10211100
02221200
20101111
00000000
00000000


Round: 25
00100000
01100000
02120111
10211100
02221200
20101111
00000000
00000000

Valid moves for 2:
1, 1
1, 2
1, 3
1, 5
1, 7
4, 6
5, 4
6, 5
6, 6
7, 1
7, 3

Player 2: 4, 6

After move by Player 2
00100000
01100000
02120111
10222220
02221200
20101111
00000000
00000000


Round: 26
00100000
01100000
02120111
10222220
02221200
20101111
00000000
00000000

Valid moves for 1:
3, 0
3, 6
3, 7
4, 1
5, 0
5, 4
6, 0

Player 1: 4, 1

After move by Player 1
00100000
01100000
01120111
11222220
02221200
20101111
00000000
00000000


Round: 27
00100000
01100000
01120111
11222220
02221200
20101111
00000000
00000000

Valid moves for 2:
1, 1
1, 2
1, 3
1, 4
1, 5
1, 6
1, 7
2, 3
5, 0
6, 0
6, 4
6, 5
6, 6
6, 7
7, 0
7, 1

Player 2: 7, 0

After move by Player 2
20100000
02100000
01220111
11222220
02221200
20101111
00000000
00000000


Round: 28
20100000
02100000
01220111
11222220
02221200
20101111
00000000
00000000

Valid moves for 1:
2, 1
2, 3
3, 0
3, 6
3, 7
4, 7
5, 0
5, 4
6, 0
6, 3
7, 1

Player 1: 6, 3

After move by Player 1
20100000
02110000
01120111
11222220
02221200
20101111
00000000
00000000


Round: 29
20100000
02110000
01120111
11222220
02221200
20101111
00000000
00000000

Valid moves for 2:
1, 1
1, 2
1, 3
1, 4
1, 5
1, 6
1, 7
2, 3
5, 0
6, 0
6, 4
6, 5
6, 6
6, 7
7, 1
7, 3

Player 2: 7, 1

After move by Player 2
22100000
02210000
01120111
11222220
02221200
20101111
00000000
00000000


Round: 30
22100000
02210000
01120111
11222220
02221200
20101111
00000000
00000000

Valid moves for 1:
2, 1
2, 3
3, 0
3, 6
3, 7
4, 7
5, 0
5, 4
6, 0
7, 3

Player 1: 2, 1

After move by Player 1
22100000
02210000
01120111
11222220
01221200
21101111
00000000
00000000


Round: 31
22100000
02210000
01120111
11222220
01221200
21101111
00000000
00000000

Valid moves for 2:
1, 0
1, 1
1, 2
1, 3
1, 4
1, 5
1, 6
1, 7
2, 3
3, 0
5, 0
6, 0
6, 4
6, 5
6, 6
6, 7
7, 3

Player 2: 7, 3

After move by Player 2
22220000
02220000
01120111
11222220
01221200
21101111
00000000
00000000


Round: 32
22220000
02220000
01120111
11222220
01221200
21101111
00000000
00000000

Valid moves for 1:
2, 3
3, 6
3, 7
4, 7
5, 4
6, 4
7, 4

Player 1: 3, 7

After move by Player 1
22220000
02220000
01120111
11222210
01221201
21101111
00000000
00000000


Round: 33
22220000
02220000
01120111
11222210
01221201
21101111
00000000
00000000

Valid moves for 2:
1, 0
1, 1
1, 2
1, 3
1, 4
1, 5
1, 6
1, 7
2, 3
3, 0
4, 7
5, 0
6, 0
6, 5
6, 6
6, 7

Player 2: 4, 7

After move by Player 2
22220000
02220000
01120111
11222222
01221201
21101111
00000000
00000000


Round: 34
22220000
02220000
01120111
11222222
01221201
21101111
00000000
00000000

Valid moves for 1:
2, 3
3, 6
5, 4
6, 4
7, 4

Player 1: 2, 3

After move by Player 1
22220000
02220000
01120111
11222222
01121201
21111111
00000000
00000000


Round: 35
22220000
02220000
01120111
11222222
01121201
21111111
00000000
00000000

Valid moves for 2:
1, 0
1, 1
1, 2
1, 3
1, 4
1, 5
1, 6
1, 7
3, 0
5, 0
6, 0
6, 4
6, 5
6, 6
6, 7

Player 2: 5, 0

After move by Player 2
22220000
02220000
22220111
11222222
01121201
21111111
00000000
00000000


Round: 36
22220000
02220000
22220111
11222222
01121201
21111111
00000000
00000000

Valid moves for 1:
3, 6
5, 4
6, 0
6, 4
7, 4

Player 1: 6, 4

After move by Player 1
22220000
02221000
22210111
11122222
01121201
21111111
00000000
00000000


Round: 37
22220000
02221000
22210111
11122222
01121201
21111111
00000000
00000000

Valid moves for 2:
1, 0
1, 1
1, 2
1, 3
1, 4
1, 5
1, 6
1, 7
3, 0
5, 4
6, 5
6, 6
6, 7
7, 5

Player 2: 1, 4

After move by Player 2
22220000
02221000
22210111
12122222
01222201
21122111
00002000
00000000


Round: 38
22220000
02221000
22210111
12122222
01222201
21122111
00002000
00000000

Valid moves for 1:
0, 3
1, 2
1, 3
1, 5
3, 6
5, 4
6, 0

Player 1: 1, 2

After move by Player 1
22220000
02221000
22210111
12122122
01221201
21112111
00102000
00000000


Round: 39
22220000
02221000
22210111
12122122
01221201
21112111
00102000
00000000

Valid moves for 2:
0, 2
1, 0
1, 1
1, 3
1, 5
1, 6
1, 7
3, 0
3, 6
5, 4
6, 5
6, 6
6, 7
7, 5

Player 2: 3, 6

After move by Player 2
22220000
02221000
22210111
12122122
01221221
21112211
00102000
00000000


Round: 40
22220000
02221000
22210111
12122122
01221221
21112211
00102000
00000000

Valid moves for 1:
0, 4
0, 5
1, 3
1, 5
1, 6
5, 4
6, 0

Player 1: 1, 3

After move by Player 1
22220000
02221000
22210111
12122112
01221121
21111211
00112000
00000000


Round: 41
22220000
02221000
22210111
12122112
01221121
21111211
00112000
00000000

Valid moves for 2:
0, 2
0, 3
1, 0
1, 1
1, 5
1, 6
1, 7
3, 0
5, 4
6, 5
6, 6
6, 7
7, 5

Player 2: 5, 4

After move by Player 2
22220000
02221000
22222111
12122212
01221121
21111211
00112000
00000000


Round: 42
22220000
02221000
22222111
12122212
01221121
21111211
00112000
00000000

Valid moves for 1:
0, 4
0, 5
1, 5
1, 6
6, 0
6, 5

Player 1: 0, 5

After move by Player 1
22220000
02221000
22222111
12122212
01221121
21111211
00111000
00000100


Round: 43
22220000
02221000
22222111
12122212
01221121
21111211
00111000
00000100

Valid moves for 2:
0, 1
0, 2
0, 3
0, 4
1, 0
1, 1
1, 5
1, 6
1, 7
3, 0
6, 5
6, 6
6, 7
7, 4
7, 5

Player 2: 6, 5

After move by Player 2
22220000
02222200
22222221
12122212
01221121
21111211
00111000
00000100


Round: 44
22220000
02222200
22222221
12122212
01221121
21111211
00111000
00000100

Valid moves for 1:
1, 5
1, 6
6, 0
6, 6
6, 7
7, 4
7, 5
7, 6

Player 1: 7, 5

After move by Player 1
22220100
02221100
22212121
12122112
01221121
21111211
00111000
00000100


Round: 45
22220100
02221100
22212121
12122112
01221121
21111211
00111000
00000100

Valid moves for 2:
0, 1
0, 2
0, 3
0, 4
1, 0
1, 1
1, 5
1, 6
1, 7
3, 0
6, 6
6, 7
7, 4
7, 6

Player 2: 7, 4

After move by Player 2
22222100
02222200
22212121
12122112
01221121
21111211
00111000
00000100


Round: 46
22222100
02222200
22212121
12122112
01221121
21111211
00111000
00000100

Valid moves for 1:
1, 5
1, 6
6, 0
6, 6
6, 7
7, 6

Player 1: 1, 5

After move by Player 1
22222100
02222200
22212121
12122112
01221121
21111111
00111100
00000100


Round: 47
22222100
02222200
22212121
12122112
01221121
21111111
00111100
00000100

Valid moves for 2:
0, 1
0, 2
0, 3
0, 4
0, 6
1, 0
1, 1
1, 6
1, 7
3, 0
6, 6
6, 7
7, 6

Player 2: 7, 6

After move by Player 2
22222220
02222200
22212121
12122112
01221121
21111111
00111100
00000100


Round: 48
22222220
02222200
22212121
12122112
01221121
21111111
00111100
00000100

Valid moves for 1:
6, 0
6, 6
6, 7

Player 1: 6, 6

After move by Player 1
22222220
02222210
22212111
12122112
01221121
21111111
00111100
00000100


Round: 49
22222220
02222210
22212111
12122112
01221121
21111111
00111100
00000100

Valid moves for 2:
0, 2
0, 3
0, 4
0, 6
1, 0
1, 1
1, 6
1, 7
3, 0
6, 7
7, 7

Player 2: 7, 7

After move by Player 2
22222222
02222220
22212211
12122112
01221121
21111111
00111100
00000100


Round: 50
22222222
02222220
22212211
12122112
01221121
21111111
00111100
00000100

Valid moves for 1:
6, 0

Player 1: 6, 0

After move by Player 1
22222222
12222220
11212211
12122112
01221121
21111111
00111100
00000100


Round: 51
22222222
12222220
11212211
12122112
01221121
21111111
00111100
00000100

Valid moves for 2:
0, 2
0, 3
0, 4
0, 6
1, 0
1, 1
1, 6
1, 7
3, 0
6, 7

Player 2: 3, 0

After move by Player 2
22222222
22222220
21212211
22122112
22221121
21111111
00111100
00000100


Round: 52
22222222
22222220
21212211
22122112
22221121
21111111
00111100
00000100

Valid moves for 1:

Player 1 can't move

Round: 52
22222222
22222220
21212211
22122112
22221121
21111111
00111100
00000100

Valid moves for 2:
0, 2
0, 3
0, 4
0, 6
1, 0
1, 1
1, 6
1, 7
6, 7

Player 2: 0, 2

After move by Player 2
22222222
22222220
21212211
22122112
22221121
21211111
00211100
00200100


Round: 53
22222222
22222220
21212211
22122112
22221121
21211111
00211100
00200100

Valid moves for 1:
0, 1
0, 3
1, 1

Player 1: 0, 3

After move by Player 1
22222222
22222220
21212211
22122112
22221121
21211111
00111100
00210100


Round: 54
22222222
22222220
21212211
22122112
22221121
21211111
00111100
00210100

Valid moves for 2:
0, 4
0, 6
1, 0
1, 1
1, 6
1, 7
6, 7

Player 2: 0, 4

After move by Player 2
22222222
22222220
21212211
22122112
22222121
21212111
00122100
00222100


Round: 55
22222222
22222220
21212211
22122112
22222121
21212111
00122100
00222100

Valid moves for 1:
0, 1

Player 1: 0, 1

After move by Player 1
22222222
22222220
21212211
22122112
22222121
21212111
00122100
01111100


Round: 56
22222222
22222220
21212211
22122112
22222121
21212111
00122100
01111100

Valid moves for 2:
0, 6
1, 0
1, 1
1, 6
1, 7
6, 7

Player 2: 0, 6

After move by Player 2
22222222
22222220
21212211
22122112
22222121
21212111
00122200
01111120


Round: 57
22222222
22222220
21212211
22122112
22222121
21212111
00122200
01111120

Valid moves for 1:
0, 7
1, 6

Player 1: 1, 6

After move by Player 1
22222222
22222220
21212211
22122112
22222121
21212111
00111110
01111120


Round: 58
22222222
22222220
21212211
22122112
22222121
21212111
00111110
01111120

Valid moves for 2:
0, 0
0, 7
1, 0
1, 1
1, 7
6, 7

Player 2: 0, 0

After move by Player 2
22222222
22222220
21212211
22122112
22222121
21212111
00111110
22222220


Round: 59
22222222
22222220
21212211
22122112
22222121
21212111
00111110
22222220

Valid moves for 1:

Player 1 can't move

Round: 59
22222222
22222220
21212211
22122112
22222121
21212111
00111110
22222220

Valid moves for 2:
0, 7
1, 0
1, 1
1, 7
6, 7

Player 2: 0, 7

After move by Player 2
22222222
22222220
21212211
22122112
22222121
21212211
00111120
22222222


Round: 60
22222222
22222220
21212211
22122112
22222121
21212211
00111120
22222222

Valid moves for 1:
1, 7

Player 1: 1, 7

After move by Player 1
22222222
22222220
21212211
22122112
22222121
21212211
00111111
22222222


Round: 61
22222222
22222220
21212211
22122112
22222121
21212211
00111111
22222222

Valid moves for 2:
1, 0
1, 1
6, 7

Player 2: 1, 0

After move by Player 2
22222222
22222220
21212211
22122112
22222121
22212211
20111111
22222222


Round: 62
22222222
22222220
21212211
22122112
22222121
22212211
20111111
22222222

Valid moves for 1:
1, 1

Player 1: 1, 1

After move by Player 1
22222222
22222220
21212211
21122112
21222121
21212211
21111111
22222222


Round: 63
22222222
22222220
21212211
21122112
21222121
21212211
21111111
22222222

Valid moves for 2:
6, 7

Player 2: 6, 7

After move by Player 2
22222222
22222222
21212222
21122212
21222121
21212211
21111111
22222222


Round: 64
22222222
22222222
21212222
21122212
21222121
21212211
21111111
22222222

Valid moves for 1:

Player 1 can't move

Round: 64
22222222
22222222
21212222
21122212
21222121
21212211
21111111
22222222

Valid moves for 2:

Player 2 can't move

Black: 19
White: 45

