
Round: 0
00000000
00000000
00000000
00000000
00000000
00000000
00000000
00000000

Valid moves for 1:
3, 3
3, 4
4, 3
4, 4

Player 1: 3, 4

After move by Player 1
00000000
00000000
00000000
00000000
00001000
00000000
00000000
00000000


Round: 1
00000000
00000000
00000000
00000000
00001000
00000000
00000000
00000000

Valid moves for 2:
3, 3
4, 3
4, 4

Player 2: 3, 3

After move by Player 2
00000000
00000000
00000000
00000000
00021000
00000000
00000000
00000000


Round: 2
00000000
00000000
00000000
00000000
00021000
00000000
00000000
00000000

Valid moves for 1:
4, 3
4, 4

Player 1: 4, 4

After move by Player 1
00000000
00000000
00000000
00001000
00021000
00000000
00000000
00000000


Round: 3
00000000
00000000
00000000
00001000
00021000
00000000
00000000
00000000

Valid moves for 2:
4, 3

Player 2: 4, 3

After move by Player 2
00000000
00000000
00000000
00021000
00021000
00000000
00000000
00000000


Round: 4
00000000
00000000
00000000
00021000
00021000
00000000
00000000
00000000

Valid moves for 1:
2, 2
3, 2
4, 2
5, 2

Player 1: 2, 2

After move by Player 1
00000000
00000000
00000000
00021000
00011000
00100000
00000000
00000000


Round: 5
00000000
00000000
00000000
00021000
00011000
00100000
00000000
00000000

Valid moves for 2:
2, 3
2, 5
4, 5

Player 2: 2, 3

After move by Player 2
00000000
00000000
00000000
00021000
00021000
00120000
00000000
00000000


Round: 6
00000000
00000000
00000000
00021000
00021000
00120000
00000000
00000000

Valid moves for 1:
1, 2
2, 4
3, 2
4, 2
5, 2

Player 1: 1, 2

After move by Player 1
00000000
00000000
00000000
00021000
00021000
00110000
00100000
00000000


Round: 7
00000000
00000000
00000000
00021000
00021000
00110000
00100000
00000000

Valid moves for 2:
1, 1
1, 3
2, 5
3, 5
4, 5
5, 5

Player 2: 4, 5

After move by Player 2
00000000
00000000
00000000
00022200
00021000
00110000
00100000
00000000


Round: 8
00000000
00000000
00000000
00022200
00021000
00110000
00100000
00000000

Valid moves for 1:
3, 2
5, 2
5, 3
5, 4
5, 5
5, 6

Player 1: 5, 3

After move by Player 1
00000000
00000000
00010000
00012200
00011000
00110000
00100000
00000000


Round: 9
00000000
00000000
00010000
00012200
00011000
00110000
00100000
00000000

Valid moves for 2:
0, 1
1, 1
2, 4
4, 2
6, 2

Player 2: 2, 4

After move by Player 2
00000000
00000000
00010000
00012200
00012000
00112000
00100000
00000000


Round: 10
00000000
00000000
00010000
00012200
00012000
00112000
00100000
00000000

Valid moves for 1:
1, 5
2, 5
3, 5
4, 6
5, 5
5, 6

Player 1: 1, 5

After move by Player 1
00000000
00000000
00010000
00012200
00012000
00111000
00100100
00000000


Round: 11
00000000
00000000
00010000
00012200
00012000
00111000
00100100
00000000

Valid moves for 2:
0, 1
1, 1
1, 4
3, 2
4, 2
5, 2
6, 2

Player 2: 0, 1

After move by Player 2
00000000
00000000
00010000
00012200
00012000
00121000
00200100
02000000


Round: 12
00000000
00000000
00010000
00012200
00012000
00121000
00200100
02000000

Valid moves for 1:
0, 2
1, 3
2, 5
3, 5
4, 6
5, 4
5, 5

Player 1: 0, 2

After move by Player 1
00000000
00000000
00010000
00012200
00012000
00121000
00100100
02100000


Round: 13
00000000
00000000
00010000
00012200
00012000
00121000
00100100
02100000

Valid moves for 2:
0, 3
1, 1
1, 4
2, 1
2, 5
3, 2
4, 2
5, 2
6, 2
6, 3

Player 2: 2, 5

After move by Player 2
00000000
00000000
00010000
00012200
00012000
00122200
00100100
02100000


Round: 14
00000000
00000000
00010000
00012200
00012000
00122200
00100100
02100000

Valid moves for 1:
0, 0
1, 3
1, 6
2, 6
3, 5
4, 6
5, 5
5, 6

Player 1: 0, 0

After move by Player 1
00000000
00000000
00010000
00012200
00012000
00122200
00100100
11100000


Round: 15
00000000
00000000
00010000
00012200
00012000
00122200
00100100
11100000

Valid moves for 2:
0, 5
0, 6
1, 1
2, 1
3, 2
4, 2
5, 2
6, 2
6, 3

Player 2: 4, 2

After move by Player 2
00000000
00000000
00010000
00222200
00022000
00122200
00100100
11100000


Round: 16
00000000
00000000
00010000
00222200
00022000
00122200
00100100
11100000

Valid moves for 1:
1, 3
2, 6
3, 1
3, 5
5, 1
5, 5
5, 6

Player 1: 3, 5

After move by Player 1
00000000
00000000
00010000
00221200
00022100
00122100
00100100
11100000


Round: 17
00000000
00000000
00010000
00221200
00022100
00122100
00100100
11100000

Valid moves for 2:
0, 5
0, 6
1, 1
1, 6
2, 1
2, 6
3, 6
4, 6
5, 4
5, 5
6, 3
6, 4

Player 2: 6, 3

After move by Player 2
00000000
00020000
00020000
00221200
00022100
00122100
00100100
11100000


Round: 18
00000000
00020000
00020000
00221200
00022100
00122100
00100100
11100000

Valid moves for 1:
1, 3
1, 4
3, 2
4, 1
4, 6
5, 1
5, 2
5, 5
5, 6
6, 2

Player 1: 5, 6

After move by Player 1
00000000
00020000
00020010
00221100
00021100
00112100
00100100
11100000


Round: 19
00000000
00020000
00020010
00221100
00021100
00112100
00100100
11100000

Valid moves for 2:
0, 6
1, 1
1, 3
1, 6
2, 1
2, 6
3, 6
4, 6
5, 4
5, 5

Player 2: 4, 6

After move by Player 2
00000000
00020000
00020010
00222220
00021200
00112100
00100100
11100000


Round: 20
00000000
00020000
00020010
00222220
00021200
00112100
00100100
11100000

Valid moves for 1:
1, 4
3, 2
3, 6
5, 1
5, 2
5, 4
5, 5
7, 3

Player 1: 5, 1

After move by Player 1
00000000
00020000
01020010
00122220
00011200
00111100
00100100
11100000


Round: 21
00000000
00020000
01020010
00122220
00011200
00111100
00100100
11100000

Valid moves for 2:
0, 5
1, 1
1, 3
1, 4
1, 6
3, 1
3, 2
4, 1
6, 6
6, 7

Player 2: 0, 5

After move by Player 2
00000000
00020000
01020010
00122220
00011200
00111200
00100200
11100200


Round: 22
00000000
00020000
01020010
00122220
00011200
00111200
00100200
11100200

Valid moves for 1:
0, 6
1, 6
2, 6
3, 6
4, 7
5, 2
5, 4
5, 5
5, 7
6, 4
7, 3

Player 1: 0, 6

After move by Player 1
00000000
00020000
01020010
00122220
00011200
00111200
00100100
11100210


Round: 23
00000000
00020000
01020010
00122220
00011200
00111200
00100100
11100210

Valid moves for 2:
0, 7
1, 1
1, 3
1, 4
2, 1
3, 1
3, 2
4, 1
6, 6
6, 7

Player 2: 1, 3

After move by Player 2
00000000
00020000
01020010
00122220
00021200
00122200
00120100
11100210


Round: 24
00000000
00020000
01020010
00122220
00021200
00122200
00120100
11100210

Valid moves for 1:
0, 4
1, 4
1, 6
2, 6
3, 2
3, 6
4, 7
5, 2
5, 4
5, 5
5, 7
6, 4

Player 1: 0, 4

After move by Player 1
00000000
00020000
01020010
00122220
00021200
00122200
00110100
11101110


Round: 25
00000000
00020000
01020010
00122220
00021200
00122200
00110100
11101110

Valid moves for 2:
0, 3
1, 1
2, 1
3, 1
4, 1
6, 0
6, 6
6, 7

Player 2: 6, 0

After move by Player 2
00000000
20020000
02020010
00222220
00021200
00122200
00110100
11101110


Round: 26
00000000
20020000
02020010
00222220
00021200
00122200
00110100
11101110

Valid moves for 1:
1, 4
1, 6
2, 6
3, 2
3, 6
5, 2
5, 4
5, 5
5, 7
7, 3

Player 1: 7, 3

After move by Player 1
00010000
20010000
02010010
00212220
00011200
00112200
00110100
11101110


Round: 27
00010000
20010000
02010010
00212220
00011200
00112200
00110100
11101110

Valid moves for 2:
1, 1
2, 1
3, 2
5, 2
6, 2
6, 4
6, 6
6, 7

Player 2: 6, 2

After move by Player 2
00010000
20210000
02020010
00212220
00011200
00112200
00110100
11101110


Round: 28
00010000
20210000
02020010
00212220
00011200
00112200
00110100
11101110

Valid moves for 1:
1, 4
1, 6
2, 6
3, 6
4, 0
4, 1
4, 7
5, 4
5, 5
5, 7
6, 1

Player 1: 4, 0

After move by Player 1
00010000
20110000
01020010
10212220
00011200
00112200
00110100
11101110


Round: 29
00010000
20110000
01020010
10212220
00011200
00112200
00110100
11101110

Valid moves for 2:
0, 3
1, 1
2, 1
3, 2
5, 2
6, 6
6, 7
7, 1

Player 2: 2, 1

After move by Player 2
00010000
20110000
01020010
10212220
00011200
02222200
00110100
11101110


Round: 30
00010000
20110000
01020010
10212220
00011200
02222200
00110100
11101110

Valid moves for 1:
1, 1
1, 4
1, 6
2, 6
3, 0
3, 1
3, 2
3, 6
4, 1
4, 7
5, 4
5, 5
5, 7

Player 1: 1, 6

After move by Player 1
00010000
20110000
01020010
10212220
00011200
02222100
00110110
11101110


Round: 31
00010000
20110000
01020010
10212220
00011200
02222100
00110110
11101110

Valid moves for 2:
0, 3
2, 6
3, 2
6, 6
6, 7
7, 1

Player 2: 2, 6

After move by Player 2
00010000
20110000
01020010
10212220
00011200
02222220
00110110
11101110


Round: 32
00010000
20110000
01020010
10212220
00011200
02222220
00110110
11101110

Valid moves for 1:
1, 1
1, 4
1, 7
3, 0
3, 1
3, 2
3, 6
3, 7
4, 1
4, 7
5, 4
5, 5
5, 7

Player 1: 1, 7

After move by Player 1
00010000
20110000
01010010
10211220
00011100
02222210
00110111
11101110


Round: 33
00010000
20110000
01010010
10211220
00011100
02222210
00110111
11101110

Valid moves for 2:
0, 3
0, 7
2, 7
5, 2
5, 4
5, 5
6, 4
6, 6
6, 7

Player 2: 6, 6

After move by Player 2
00010000
20110020
01010020
10211220
00011100
02222210
00110111
11101110


Round: 34
00010000
20110020
01010020
10211220
00011100
02222210
00110111
11101110

Valid moves for 1:
1, 1
1, 4
2, 0
3, 0
3, 1
3, 2
4, 1
4, 7
5, 5
5, 7
6, 7

Player 1: 2, 0

After move by Player 1
00010000
20110020
01010020
10211220
00011100
11111110
00110111
11101110


Round: 35
00010000
20110020
01010020
10211220
00011100
11111110
00110111
11101110

Valid moves for 2:
6, 4

Player 2: 6, 4

After move by Player 2
00010000
20112020
01020020
10211220
00011100
11111110
00110111
11101110


Round: 36
00010000
20112020
01020020
10211220
00011100
11111110
00110111
11101110

Valid moves for 1:
4, 1
4, 7
5, 5
5, 7
6, 5
6, 7

Player 1: 5, 5

After move by Player 1
00010000
20111020
01020120
10211120
00011100
11111110
00110111
11101110


Round: 37
00010000
20111020
01020120
10211120
00011100
11111110
00110111
11101110

Valid moves for 2:
0, 3
1, 1
5, 4
7, 1
7, 5

Player 2: 0, 3

After move by Player 2
00010000
20111020
01020120
10221120
00021100
11121110
00120111
11121110


Round: 38
00010000
20111020
01020120
10221120
00021100
11121110
00120111
11121110

Valid moves for 1:
1, 4
3, 1
3, 2
3, 7
4, 1
4, 7
5, 2
5, 7
6, 7
7, 7

Player 1: 5, 2

After move by Player 1
00010000
20111020
01120120
10211120
00021100
11121110
00120111
11121110


Round: 39
00010000
20111020
01120120
10211120
00021100
11121110
00120111
11121110

Valid moves for 2:
0, 7
1, 1
2, 7
3, 0
3, 1
3, 6
5, 0
5, 4
7, 1
7, 2
7, 5

Player 2: 5, 4

After move by Player 2
00010000
20111020
01122220
10211120
00021100
11121110
00120111
11121110


Round: 40
00010000
20111020
01122220
10211120
00021100
11121110
00120111
11121110

Valid moves for 1:
1, 4
3, 1
3, 2
3, 7
4, 1
4, 7
5, 7
6, 5
6, 7
7, 7

Player 1: 5, 7

After move by Player 1
00010000
20111020
01111111
10211110
00021100
11121110
00120111
11121110


Round: 41
00010000
20111020
01111111
10211110
00021100
11121110
00120111
11121110

Valid moves for 2:
0, 7
1, 1
2, 7
3, 0
3, 1
3, 6
4, 7
6, 7
7, 2
7, 5

Player 2: 6, 7

After move by Player 2
00010000
20111022
01111121
10211210
00022100
11121110
00120111
11121110


Round: 42
00010000
20111022
01111121
10211210
00022100
11121110
00120111
11121110

Valid moves for 1:
1, 4
3, 1
3, 2
3, 6
4, 1
7, 5
7, 6
7, 7

Player 1: 3, 2

After move by Player 1
00010000
20111022
01111121
10111210
00111100
11121110
00120111
11121110


Round: 43
00010000
20111022
01111121
10111210
00111100
11121110
00120111
11121110

Valid moves for 2:
0, 7
1, 1
2, 7
3, 0
3, 1
3, 6
4, 1
4, 7
5, 0
6, 5
7, 2

Player 2: 4, 1

After move by Player 2
00010000
20111022
01111121
12222210
00211100
11121110
00120111
11121110


Round: 44
00010000
20111022
01111121
12222210
00211100
11121110
00120111
11121110

Valid moves for 1:
1, 4
3, 0
3, 1
3, 6
7, 5
7, 6
7, 7

Player 1: 3, 1

After move by Player 1
00010000
20111022
01111121
11122210
01111100
11121110
00120111
11121110


Round: 45
00010000
20111022
01111121
11122210
01111100
11121110
00120111
11121110

Valid moves for 2:
0, 7
1, 0
1, 1
1, 4
2, 7
3, 0
3, 6
4, 7
5, 0
6, 1
6, 5
7, 1
7, 2
7, 4

Player 2: 3, 0

After move by Player 2
00010000
20111022
01111121
11122210
21111100
12121110
00220111
11121110


Round: 46
00010000
20111022
01111121
11122210
21111100
12121110
00220111
11121110

Valid moves for 1:
1, 0
1, 1
1, 4
3, 6
7, 5
7, 6
7, 7

Player 1: 7, 6

After move by Player 1
00010010
20111012
01111111
11122210
21111100
12121110
00220111
11121110


Round: 47
00010010
20111012
01111111
11122210
21111100
12121110
00220111
11121110

Valid moves for 2:
0, 7
1, 0
1, 1
1, 4
2, 7
3, 6
4, 7
5, 0
6, 1
6, 5
7, 1
7, 2
7, 4
7, 7

Player 2: 1, 4

After move by Player 2
00010010
20111012
01111111
11122210
21112100
12122110
00222111
11121110


Round: 48
00010010
20111012
01111111
11122210
21112100
12122110
00222111
11121110

Valid moves for 1:
1, 0
1, 1
3, 6
7, 7

Player 1: 1, 1

After move by Player 1
00010010
20111012
01111111
11122210
21112100
11122110
01111111
11121110


Round: 49
00010010
20111012
01111111
11122210
21112100
11122110
01111111
11121110

Valid moves for 2:
0, 7
1, 0
2, 7
3, 6
4, 7
5, 0
6, 1
6, 5
7, 1
7, 2
7, 4
7, 7

Player 2: 0, 7

After move by Player 2
00010010
20111012
01111111
11122210
21112100
11122210
01111121
11122222


Round: 50
00010010
20111012
01111111
11122210
21112100
11122210
01111121
11122222

Valid moves for 1:
3, 6
7, 7

Player 1: 7, 7

After move by Player 1
00010011
20111011
01111111
11122210
21112100
11122210
01111121
11122222


Round: 51
00010011
20111011
01111111
11122210
21112100
11122210
01111121
11122222

Valid moves for 2:
1, 0
2, 7
3, 6
3, 7
4, 7
5, 0
6, 1
6, 5
7, 1
7, 2
7, 4

Player 2: 6, 5

After move by Player 2
00010011
20111211
01112211
11122210
21112100
11122210
01111121
11122222


Round: 52
00010011
20111211
01112211
11122210
21112100
11122210
01111121
11122222

Valid moves for 1:
3, 6
7, 4
7, 5

Player 1: 7, 5

After move by Player 1
00010111
20111111
01112111
11122110
21112100
11122210
01111121
11122222


Round: 53
00010111
20111111
01112111
11122110
21112100
11122210
01111121
11122222

Valid moves for 2:
1, 0
2, 7
3, 6
3, 7
4, 7
5, 0
6, 1
7, 1
7, 2
7, 4

Player 2: 4, 7

After move by Player 2
00010111
20111111
01112111
11122222
21112100
11122210
01111121
11122222


Round: 54
00010111
20111111
01112111
11122222
21112100
11122210
01111121
11122222

Valid moves for 1:
3, 6
3, 7

Player 1: 3, 7

After move by Player 1
00010111
20111111
01112111
11122211
21112101
11122210
01111121
11122222


Round: 55
00010111
20111111
01112111
11122211
21112101
11122210
01111121
11122222

Valid moves for 2:
1, 0
2, 7
3, 6
5, 0
6, 1
7, 1
7, 2
7, 4

Player 2: 2, 7

After move by Player 2
00010111
20111111
01112111
11122211
21112101
11122222
01111122
11122222


Round: 56
00010111
20111111
01112111
11122211
21112101
11122222
01111122
11122222

Valid moves for 1:
3, 6

Player 1: 3, 6

After move by Player 1
00010111
20111111
01111111
11122111
21112111
11122122
01111122
11122222


Round: 57
00010111
20111111
01111111
11122111
21112111
11122122
01111122
11122222

Valid moves for 2:
1, 0
5, 0
6, 1
7, 1
7, 2
7, 4

Player 2: 7, 1

After move by Player 2
02010111
20211111
01121111
11122111
21112111
11122122
01111122
11122222


Round: 58
02010111
20211111
01121111
11122111
21112111
11122122
01111122
11122222

Valid moves for 1:
6, 1
7, 2

Player 1: 6, 1

After move by Player 1
02010111
21111111
01121111
11122111
21112111
11122122
01111122
11122222


Round: 59
02010111
21111111
01121111
11122111
21112111
11122122
01111122
11122222

Valid moves for 2:
1, 0
5, 0
7, 0
7, 2
7, 4

Player 2: 7, 4

After move by Player 2
02012111
21122111
01222111
12122111
21112111
11122122
01111122
11122222


Round: 60
02012111
21122111
01222111
12122111
21112111
11122122
01111122
11122222

Valid moves for 1:
5, 0
7, 2

Player 1: 5, 0

After move by Player 1
02012111
21122111
11222111
11122111
21112111
11122122
01111122
11122222


Round: 61
02012111
21122111
11222111
11122111
21112111
11122122
01111122
11122222

Valid moves for 2:
1, 0
7, 0
7, 2

Player 2: 7, 0

After move by Player 2
22012111
22122111
11222111
11122111
21112111
11122122
01111122
11122222


Round: 62
22012111
22122111
11222111
11122111
21112111
11122122
01111122
11122222

Valid moves for 1:
7, 2

Player 1: 7, 2

After move by Player 1
22112111
21112111
11221111
11122111
21112111
11122122
01111122
11122222


Round: 63
22112111
21112111
11221111
11122111
21112111
11122122
01111122
11122222

Valid moves for 2:
1, 0

Player 2: 1, 0

After move by Player 2
22112111
21112111
11221111
11122111
21212111
22122122
22222222
11122222


Round: 64
22112111
21112111
11221111
11122111
21212111
22122122
22222222
11122222

Valid moves for 1:

Player 1 can't move

Round: 64
22112111
21112111
11221111
11122111
21212111
22122122
22222222
11122222

Valid moves for 2:

Player 2 can't move

Black: 33
White: 31

